MYSTERY 1               
1 00000U 06062B   19121.02489743 -.00000003  00000-0  10000-3 0  9998
2 00000  65.1450 281.8879 0017786 158.8696 243.6288  2.13102939 96090
MYSTERY 2               
1 00000U 07052A   19120.45300476 -.00000070  00000-0  10000-3 0  9997
2 00000  65.8328  42.7344 0003848 286.7299  13.4765  2.13104352 89580
MYSTERY 3               
1 00000U 07052B   19120.40575022 -.00000070  00000-0  10000-3 0  9994
2 00000  65.8445  42.8176 0012809 331.4610 243.6907  2.13103822 89583
MYSTERY 4               
1 00000U 07065A   19121.14564674 -.00000005  00000-0  00000+0 0  9994
2 00000  64.7442 280.6034 0005338  96.5453 262.5074  2.13102953 88304
MYSTERY 5               
1 00000U 07065C   19120.68219056 -.00000003  00000-0  10000-3 0  9998
2 00000  64.7545 280.6724 0016519   6.7228  48.8273  2.13104316 88235
MYSTERY 6               
1 00000U 09070A   19120.61043328  .00000080  00000-0  00000-0 0  9996
2 00000  64.1961 160.2539 0005831 305.6150 175.8080  2.13102836 72963
MYSTERY 7               
1 00000U 09070B   19120.94176256  .00000083  00000-0  00000-0 0  9993
2 00000  64.1798 160.1465 0005274 187.5764 313.3424  2.13101494 72979
MYSTERY 8               
1 00000U 10001A   19120.60326969 -.00000289  00000-0  00000-0 0  9992
2 00000   1.4250 354.0934 0002258 147.7176  73.6149  1.00276997 34051
MYSTERY 9               
1 00000U 10007A   19120.92804771 -.00000069  00000-0  10000-3 0  9992
2 00000  65.7392  41.7409 0028070 349.5757 171.4120  2.13102191 71328
MYSTERY A               
1 00000U 10007B   19120.59916080 -.00000070  00000-0  10000-3 0  9995
2 00000  65.7328  41.7238 0007144  48.8735 130.3372  2.13102177 71318
MYSTERY B               
1 00000U 10007C   19120.51175253 -.00000071  00000-0  10000-3 0  9998
2 00000  65.7220  41.6920 0002076 335.3823 176.7704  2.13101471 71317
MYSTERY C               
1 00000U 10024A   19120.51223839 -.00000138  00000-0  00000-0 0  9999
2 00000   1.6036  37.9909 0003491  52.5503  31.5738  1.00270852 32664
MYSTERY D               
1 00000U 10036A   19120.57479938 -.00000128  00000-0  10000-3 0  9998
2 00000  54.1455 186.8922 0079904 233.2741 124.5120  1.00278548 32094
MYSTERY E               
1 00000U 10041C   19120.95433546 -.00000006  00000-0  00000-0 0  9998
2 00000  64.3456 280.2555 0025848  15.9944  62.9185  2.13100612 67391
MYSTERY F               
1 00000U 10057A   19121.23070563 -.00000114  00000-0  00000+0 0  9992
2 00000   0.7477  40.1355 0000625 195.4178 226.3647  1.00270838 31177
MYSTERY G               
1 00000U 10068A   19120.80372569 -.00000199  00000-0  10000-3 0  9995
2 00000  52.1523 303.2234 0065212 203.1473 120.5300  1.00285271 30680
MYSTERY H               
1 00000U 11013A   19120.93152872 -.00000185  00000-0  10000-3 0  9990
2 00000  58.7157  65.8365 0039939 209.3029  38.5443  1.00269456 29563
MYSTERY J               
1 00000U 11038A   19120.89691395 -.00000063  00000-0  10000-3 0  9996
2 00000  54.4360 189.3053 0061186 223.0100 222.8679  1.00257624 28530
MYSTERY K               
1 00000U 11073A   19120.31674462 -.00000136  00000-0  10000-3 0  9994
2 00000  52.2333 302.7784 0056675 207.0539 277.2250  1.00264720 27283
MYSTERY L               
1 00000U 11060A   19119.23759912 -.00000066  00000-0  00000+0 0  9997
2 00000  56.3457  52.7391 0004945 340.3374  19.6213  1.70475855 46827
MYSTERY M               
1 00000U 11060B   19121.19543163 -.00000063  00000-0  00000+0 0  9992
2 00000  56.3481  52.6843 0005991 322.4238 205.1313  1.70475823 46859
MYSTERY N               
1 00000U 11064A   19120.77532521  .00000081  00000-0  00000+0 0  9996
2 00000  64.4978 161.1532 0020331 243.2210 267.4931  2.13101874 58319
MYSTERY O               
1 00000U 11064B   19121.19174497  .00000085  00000-0  00000+0 0  9992
2 00000  64.5067 161.1897 0018036 244.7677  44.1240  2.13101729 58273
MYSTERY P               
1 00000U 11064C   19120.72857168  .00000080  00000-0  00000-0 0  9990
2 00000  64.5139 161.2038 0022373 265.8665 344.7192  2.13101921 58271
MYSTERY Q               
1 00000U 12008A   19119.86256383  .00000051  00000-0  00000+0 0  9999
2 00000   1.3273  62.0431 0011046 290.1956 234.7400  1.00266263 26351
MYSTERY R               
1 00000U 12018A   19120.70810420 -.00000097  00000-0  10000-3 0  9996
2 00000  56.6105  31.3777 0021439 241.5211 299.3697  1.86232945 47787
MYSTERY S               
1 00000U 12018B   19121.12584997 -.00000095  00000-0  10000-3 0  9999
2 00000  56.5441  30.7569 0025901 236.0541 292.7625  1.86233649 47796
MYSTERY T               
1 00000U 12050B   19120.78254626  .00000081  00000-0  00000-0 0  9990
2 00000  54.9418 150.2530 0023767 248.1281 248.3733  1.86232178 45164
MYSTERY U               
1 00000U 12055A   19121.03950864  .00000048  00000-0  00000+0 0  9994
2 00000  54.9258 173.1690 0004791 261.3928  98.6416  1.70473914 40762
MYSTERY V               
1 00000U 12055B   19120.38717918  .00000042  00000-0  00000+0 0  9997
2 00000  54.9263 173.1863 0003671 266.2725  93.7705  1.70473879 40707
MYSTERY W               
1 00000U 12059A   19121.08772212 -.00000177  00000-0  00000+0 0  9993
2 00000   1.7722  83.1467 0004581 234.6699  16.5238  1.00274041 23936
MYSTERY X               
1 00000U 13019A   19120.75526613  .00000081  00000-0  00000-0 0  9994
2 00000  64.6674 161.3323 0020752 238.3723 301.7000  2.13101879 46789
MYSTERY Y               
1 00000U 14012A   19120.70262273 -.00000070  00000-0  10000-3 0  9992
2 00000  65.6122  41.5257 0015982 328.1546 206.5948  2.13103264 39730
MYSTERY Z               
1 00000U 14032A   19120.11565400 -.00000072  00000-0  00000-0 0  9990
2 00000  65.5526  41.4914 0005228 226.4214  79.5579  2.13102699 37934
MYSTERY 10              
1 00000U 14050A   19120.44421589 -.00000106  00000-0  00000+0 0  9992
2 00000  50.5607  17.9024 1664338  85.9565 292.7989  1.85518792 31930
MYSTERY 11              
1 00000U 14050B   19120.17048923 -.00000107  00000-0  00000-0 0  9992
2 00000  50.6049  16.9349 1663736  86.8155 291.9871  1.85519478 32155
MYSTERY 12              
1 00000U 14075A   19120.29413469 -.00000003  00000-0  00000-0 0  9995
2 00000  64.0654 281.3762 0014963 203.0850  38.2324  2.13098583 34345
MYSTERY 13              
1 00000U 15017A   19120.77679774 -.00000064  00000-0  00000+0 0  9998
2 00000  56.1383  52.8886 0003796 281.9919  77.9424  1.70474850 25462
MYSTERY 14              
1 00000U 15017B   19118.21252328 -.00000068  00000-0  00000-0 0  9992
2 00000  56.1431  52.9738 0001386 284.9878  74.9752  1.70475245 25420
MYSTERY 15              
1 00000U 15019A   19120.54007933 -.00000149  00000-0  00000+0 0  9996
2 00000  53.6214 325.9586 0037597 187.4661 354.6156  1.00263204 14965
MYSTERY 16              
1 00000U 15037A   19120.93183053 -.00000097  00000-0  00000+0 0  9990
2 00000  55.8159  30.3175 0007918 290.3380  15.6327  1.86231198 25614
MYSTERY 17              
1 00000U 15037B   19120.73285163 -.00000099  00000-0  00000+0 0  9996
2 00000  55.8173  30.3131 0006972 313.8585 334.8947  1.86234375 25603
MYSTERY 18              
1 00000U 15045A   19120.21593398 -.00000017  00000-0  00000+0 0  9995
2 00000  56.4856 293.4830 0003962  38.2348 321.7766  1.70475215 22606
MYSTERY 19              
1 00000U 15045B   19118.67588008 -.00000018  00000-0  00000+0 0  9997
2 00000  56.4860 293.5218 0002395  49.4980 310.5081  1.70475305 22605
MYSTERY 1A              
1 00000U 15053A   19121.01959257 -.00000139  00000-0  00000+0 0  9993
2 00000  53.2303 288.9284 0048263 179.9605 213.4167  1.00275529 13259
MYSTERY 1B              
1 00000U 16008A   19120.68792613 -.00000071  00000-0  00000-0 0  9990
2 00000  65.3560  41.4472 0008722 228.4401 338.1488  2.13103087 25119
MYSTERY 1C              
1 00000U 15079A   19118.84709967  .00000029  00000-0  00000+0 0  9999
2 00000  54.9398 172.9235 0005869 296.6965  63.3208  1.70474029 20926
MYSTERY 1D              
1 00000U 15079B   19119.06692693  .00000031  00000-0  00000+0 0  9995
2 00000  54.9373 172.9177 0005019 295.6679  64.3586  1.70474125 20931
MYSTERY 1E              
1 00000U 16006A   19120.55240237  .00000079  00000-0  00000-0 0  9994
2 00000  55.1239 150.6007 0004176 257.2633 284.6858  1.86231976 22082
MYSTERY 1F              
1 00000U 16021A   19120.99862502 -.00000139  00000-0  00000+0 0  9993
2 00000  56.4693  64.9530 0032899 202.0053  45.6601  1.00259287 11379
MYSTERY 1G              
1 00000U 18057A   19119.55858917 -.00000127  00000-0  00000-0 0  9995
2 00000  55.0347 186.0661 0023471 197.8632 145.6266  1.00292805  3023
MYSTERY 1H              
1 00000U 18060A   19120.04367825 -.00000065  00000-0  00000+0 0  9996
2 00000  56.5293  52.4269 0005102 292.5078  67.4157  1.70475795  4765
MYSTERY 1I              
1 00000U 18060B   19119.09042574 -.00000067  00000-0  00000-0 0  9994
2 00000  56.5310  52.4519 0005171 299.9947  59.9322  1.70475840  4789
MYSTERY 1J              
1 00000U 18060C   19119.31034763 -.00000066  00000-0  00000+0 0  9999
2 00000  56.5315  52.4474 0004697 297.5432  62.3871  1.70475678  4764
MYSTERY 1K              
1 00000U 18060D   19120.11679665 -.00000065  00000-0  00000+0 0  9995
2 00000  56.5322  52.4258 0004687 298.9761  60.9544  1.70475850  4754
MYSTERY 1L              
1 00000U 18062A   19121.22333639 -.00000036  00000-0  00000+0 0  9992
2 00000  54.8103 271.3393 0001733 233.8705 345.1998  1.86231661  5136
MYSTERY 1M              
1 00000U 18062B   19120.77971987 -.00000036  00000-0  00000+0 0  9996
2 00000  54.8070 271.3420 0003789  10.2493   1.8644  1.86231847  5135
MYSTERY 1N              
1 00000U 18067A   19120.61547698 -.00000036  00000-0  00000+0 0  9995
2 00000  54.8706 269.8707 0005414 353.7132 311.9281  1.86231592  4617
MYSTERY 1O              
1 00000U 18067B   19121.19144199 -.00000036  00000-0  00000+0 0  9999
2 00000  54.8669 269.8200 0002790 345.7884 256.6659  1.86231462  4646
MYSTERY 1P              
1 00000U 18072A   19120.71908563  .00000081  00000-0  00000-0 0  9996
2 00000  55.0171 149.8534 0008323 280.3730  35.6054  1.86231687  4145
MYSTERY 1Q              
1 00000U 18072B   19120.65272363  .00000080  00000-0  00000-0 0  9991
2 00000  55.0188 149.8457 0007091 298.6836  62.9284  1.86231741  4158
MYSTERY 1R              
1 00000U 18078A   19120.61092953 -.00000100  00000-0  10000-3 0  9992
2 00000  55.0910  29.8508 0007975 336.2923 252.5272  1.86233079  3663
MYSTERY 1S              
1 00000U 18078B   19120.32190580 -.00000102  00000-0  10000-3 0  9998
2 00000  55.0877  29.8700 0005770 343.1917 321.6027  1.86232595  3669
MYSTERY 1T              
1 00000U 18085A   19120.95617039 -.00000251  00000-0  00000-0 0  9998
2 00000   2.6872 270.2950 0001089 134.7214 302.2773  1.00276545  1955
MYSTERY 1U              
1 00000U 18086A   19121.05571843 -.00000004  00000-0  00000+0 0  9992
2 00000  64.7340 281.3727 0007975 277.1497 284.4291  2.13101971  3793
MYSTERY 1V              
1 00000U 18093A   19121.15628571 -.00000036  00000-0  00000+0 0  9999
2 00000  54.8880 271.1450 0007866 254.0526 145.1812  1.86231515  3036
MYSTERY 1W              
1 00000U 18093B   19120.33788564 -.00000035  00000-0  00000+0 0  9997
2 00000  54.8875 271.1609 0006607 282.3239  18.3838  1.86231771  3015
MYSTERY 1X              
1 00000U 19023A   19110.85909737 -.00001292  13514-5  00000+0 0  9992
2 00000  28.4727  65.8375 7303417 179.7932 189.7510  2.28217424    06