#Pointing File For  GPS BIIR-6  (PRN 14)         
2019.134.12:29:59 134 21 45.4  0.001 27 42 41.5 -0.339 
2019.134.12:30:04 134 22 52.3  0.001 27 40 33.2 -0.339 
2019.134.12:30:10 134 23 59.1  0.001 27 38 24.8 -0.339 
2019.134.12:30:14 134 25  5.9  0.001 27 36 16.4 -0.339 
2019.134.12:30:19 134 26 12.6  0.001 27 34  8.0 -0.339 
2019.134.12:30:24 134 27 19.3  0.001 27 31 59.7 -0.339 
2019.134.12:30:29 134 28 25.9  0.001 27 29 51.3 -0.339 
2019.134.12:30:34 134 29 32.5  0.001 27 27 42.9 -0.340 
2019.134.12:30:39 134 30 39.0  0.001 27 25 34.6 -0.340 
2019.134.12:30:45 134 31 45.5  0.001 27 23 26.3 -0.340 
2019.134.12:30:49 134 32 51.9  0.001 27 21 17.9 -0.340 
2019.134.12:30:54 134 33 58.3  0.001 27 19  9.6 -0.340 
2019.134.12:30:59 134 35  4.6  0.001 27 17  1.3 -0.340 
2019.134.12:31:05 134 36 10.9  0.001 27 14 53.0 -0.340 
2019.134.12:31:09 134 37 17.1  0.001 27 12 44.6 -0.340 
2019.134.12:31:14 134 38 23.3  0.001 27 10 36.3 -0.341 
2019.134.12:31:20 134 39 29.4  0.001 27  8 28.0 -0.341 
2019.134.12:31:24 134 40 35.5  0.001 27  6 19.8 -0.341 
2019.134.12:31:29 134 41 41.5  0.001 27  4 11.5 -0.341 
2019.134.12:31:34 134 42 47.5  0.001 27  2  3.2 -0.341 
2019.134.12:31:40 134 43 53.4  0.001 26 59 54.9 -0.341 
2019.134.12:31:44 134 44 59.2  0.001 26 57 46.6 -0.341 
2019.134.12:31:49 134 46  5.1  0.001 26 55 38.4 -0.342 
2019.134.12:31:54 134 47 10.8  0.001 26 53 30.1 -0.342 
2019.134.12:31:59 134 48 16.5  0.001 26 51 21.9 -0.342 
2019.134.12:32:04 134 49 22.2  0.001 26 49 13.6 -0.342 
2019.134.12:32:09 134 50 27.8  0.001 26 47  5.4 -0.342 
2019.134.12:32:15 134 51 33.4  0.001 26 44 57.2 -0.342 
2019.134.12:32:19 134 52 38.9  0.001 26 42 49.0 -0.342 
2019.134.12:32:24 134 53 44.4  0.001 26 40 40.7 -0.343 
2019.134.12:32:29 134 54 49.8  0.001 26 38 32.5 -0.343 
2019.134.12:32:34 134 55 55.2  0.001 26 36 24.3 -0.343 
2019.134.12:32:39 134 57  0.5  0.001 26 34 16.1 -0.343 
2019.134.12:32:44 134 58  5.8  0.001 26 32  7.9 -0.343 
2019.134.12:32:50 134 59 11.0  0.001 26 29 59.7 -0.343 
2019.134.12:32:54 135  0 16.2  0.001 26 27 51.6 -0.343 
2019.134.12:32:59 135  1 21.3  0.001 26 25 43.4 -0.343 
2019.134.12:33:04 135  2 26.3  0.001 26 23 35.2 -0.344 
2019.134.12:33:09 135  3 31.4  0.001 26 21 27.1 -0.344 
2019.134.12:33:14 135  4 36.3  0.001 26 19 18.9 -0.344 
2019.134.12:33:19 135  5 41.3  0.001 26 17 10.8 -0.344 
2019.134.12:33:25 135  6 46.1  0.001 26 15  2.6 -0.344 
2019.134.12:33:29 135  7 51.0  0.001 26 12 54.5 -0.344 
2019.134.12:33:34 135  8 55.7  0.001 26 10 46.4 -0.344 
2019.134.12:33:39 135 10  0.4  0.001 26  8 38.3 -0.345 
2019.134.12:33:45 135 11  5.1  0.001 26  6 30.1 -0.345 
2019.134.12:33:49 135 12  9.7  0.001 26  4 22.0 -0.345 
2019.134.12:33:54 135 13 14.3  0.001 26  2 13.9 -0.345 
2019.134.12:34:00 135 14 18.8  0.001 26  0  5.8 -0.345 
2019.134.12:34:04 135 15 23.3  0.001 25 57 57.7 -0.345 
2019.134.12:34:09 135 16 27.7  0.001 25 55 49.7 -0.345 
2019.134.12:34:14 135 17 32.1  0.001 25 53 41.6 -0.345 
2019.134.12:34:20 135 18 36.4  0.001 25 51 33.5 -0.346 
2019.134.12:34:24 135 19 40.7  0.001 25 49 25.5 -0.346 
2019.134.12:34:29 135 20 44.9  0.001 25 47 17.4 -0.346 
2019.134.12:34:34 135 21 49.1  0.001 25 45  9.4 -0.346 
2019.134.12:34:39 135 22 53.2  0.001 25 43  1.3 -0.346 
2019.134.12:34:44 135 23 57.3  0.001 25 40 53.3 -0.346 
2019.134.12:34:49 135 25  1.4  0.001 25 38 45.3 -0.346 
2019.134.12:34:55 135 26  5.3  0.001 25 36 37.2 -0.347 
2019.134.12:34:59 135 27  9.3  0.001 25 34 29.2 -0.347 
2019.134.12:35:04 135 28 13.2  0.001 25 32 21.2 -0.347 
2019.134.12:35:09 135 29 17.0  0.001 25 30 13.2 -0.347 
2019.134.12:35:14 135 30 20.8  0.001 25 28  5.2 -0.347 
2019.134.12:35:19 135 31 24.5  0.001 25 25 57.2 -0.347 
2019.134.12:35:24 135 32 28.2  0.001 25 23 49.3 -0.347 
2019.134.12:35:30 135 33 31.8  0.001 25 21 41.3 -0.347 
2019.134.12:35:34 135 34 35.4  0.001 25 19 33.3 -0.348 
2019.134.12:35:39 135 35 39.0  0.001 25 17 25.4 -0.348 
2019.134.12:35:44 135 36 42.4  0.001 25 15 17.4 -0.348 
2019.134.12:35:49 135 37 45.9  0.001 25 13  9.5 -0.348 
2019.134.12:35:54 135 38 49.3  0.001 25 11  1.5 -0.348 
2019.134.12:35:59 135 39 52.6  0.001 25  8 53.6 -0.348 
2019.134.12:36:05 135 40 55.9  0.001 25  6 45.7 -0.348 
2019.134.12:36:09 135 41 59.2  0.001 25  4 37.8 -0.349 
2019.134.12:36:14 135 43  2.4  0.001 25  2 29.9 -0.349 
2019.134.12:36:19 135 44  5.5  0.001 25  0 22.0 -0.349 
2019.134.12:36:24 135 45  8.6  0.001 24 58 14.1 -0.349 
2019.134.12:36:29 135 46 11.6  0.001 24 56  6.2 -0.349 
2019.134.12:36:34 135 47 14.6  0.001 24 53 58.3 -0.349 
2019.134.12:36:40 135 48 17.6  0.001 24 51 50.4 -0.349 
2019.134.12:36:44 135 49 20.5  0.001 24 49 42.5 -0.349 
2019.134.12:36:49 135 50 23.4  0.001 24 47 34.7 -0.350 
2019.134.12:36:54 135 51 26.2  0.001 24 45 26.8 -0.350 
2019.134.12:37:00 135 52 28.9  0.001 24 43 19.0 -0.350 
2019.134.12:37:04 135 53 31.6  0.001 24 41 11.1 -0.350 
2019.134.12:37:09 135 54 34.3  0.001 24 39  3.3 -0.350 
2019.134.12:37:14 135 55 36.9  0.001 24 36 55.5 -0.350 
2019.134.12:37:19 135 56 39.5  0.001 24 34 47.7 -0.350 
2019.134.12:37:24 135 57 42.0  0.001 24 32 39.9 -0.350 
2019.134.12:37:29 135 58 44.4  0.001 24 30 32.1 -0.351 
2019.134.12:37:35 135 59 46.9  0.001 24 28 24.3 -0.351 
2019.134.12:37:39 136  0 49.2  0.001 24 26 16.5 -0.351 
2019.134.12:37:44 136  1 51.5  0.001 24 24  8.7 -0.351 
2019.134.12:37:49 136  2 53.8  0.001 24 22  0.9 -0.351 
2019.134.12:37:54 136  3 56.0  0.001 24 19 53.2 -0.351 
2019.134.12:37:59 136  4 58.2  0.001 24 17 45.4 -0.351 
2019.134.12:38:04 136  6  0.3  0.001 24 15 37.7 -0.351 
2019.134.12:38:10 136  7  2.4  0.001 24 13 29.9 -0.352 
2019.134.12:38:14 136  8  4.4  0.001 24 11 22.2 -0.352 
2019.134.12:38:19 136  9  6.4  0.001 24  9 14.4 -0.352 
2019.134.12:38:24 136 10  8.4  0.001 24  7  6.7 -0.352 
2019.134.12:38:29 136 11 10.2  0.001 24  4 59.0 -0.352 
2019.134.12:38:34 136 12 12.1  0.001 24  2 51.3 -0.352 
2019.134.12:38:39 136 13 13.9  0.001 24  0 43.6 -0.352 
2019.134.12:38:45 136 14 15.6  0.001 23 58 35.9 -0.352 
2019.134.12:38:49 136 15 17.3  0.001 23 56 28.2 -0.353 
2019.134.12:38:54 136 16 18.9  0.001 23 54 20.5 -0.353 
2019.134.12:38:59 136 17 20.5  0.001 23 52 12.9 -0.353 
2019.134.12:39:04 136 18 22.1  0.001 23 50  5.2 -0.353 
2019.134.12:39:09 136 19 23.6  0.001 23 47 57.6 -0.353 
2019.134.12:39:14 136 20 25.0  0.001 23 45 49.9 -0.353 
2019.134.12:39:20 136 21 26.4  0.001 23 43 42.3 -0.353 
2019.134.12:39:24 136 22 27.8  0.001 23 41 34.6 -0.353 
2019.134.12:39:29 136 23 29.1  0.001 23 39 27.0 -0.354 
2019.134.12:39:34 136 24 30.4  0.001 23 37 19.4 -0.354 
2019.134.12:39:40 136 25 31.6  0.001 23 35 11.8 -0.354 
2019.134.12:39:44 136 26 32.7  0.001 23 33  4.2 -0.354 
2019.134.12:39:49 136 27 33.9  0.001 23 30 56.6 -0.354 
2019.134.12:39:54 136 28 34.9  0.001 23 28 49.0 -0.354 
2019.134.12:39:59 136 29 35.9  0.001 23 26 41.4 -0.354 
2019.134.12:40:04 136 30 36.9  0.001 23 24 33.9 -0.354 
2019.134.12:40:09 136 31 37.8  0.001 23 22 26.3 -0.355 
2019.134.12:40:15 136 32 38.7  0.001 23 20 18.7 -0.355 
2019.134.12:40:19 136 33 39.5  0.001 23 18 11.2 -0.355 
2019.134.12:40:24 136 34 40.3  0.001 23 16  3.6 -0.355 
2019.134.12:40:29 136 35 41.0  0.001 23 13 56.1 -0.355 
2019.134.12:40:34 136 36 41.7  0.001 23 11 48.6 -0.355 
2019.134.12:40:39 136 37 42.4  0.001 23  9 41.1 -0.355 
2019.134.12:40:44 136 38 43.0  0.001 23  7 33.6 -0.355 
2019.134.12:40:50 136 39 43.5  0.001 23  5 26.1 -0.356 
2019.134.12:40:54 136 40 44.0  0.001 23  3 18.6 -0.356 
2019.134.12:40:59 136 41 44.4  0.001 23  1 11.1 -0.356 
2019.134.12:41:04 136 42 44.8  0.001 22 59  3.6 -0.356 
2019.134.12:41:09 136 43 45.2  0.001 22 56 56.1 -0.356 
2019.134.12:41:14 136 44 45.5  0.001 22 54 48.7 -0.356 
2019.134.12:41:19 136 45 45.7  0.001 22 52 41.2 -0.356 
2019.134.12:41:25 136 46 45.9  0.001 22 50 33.8 -0.356 
2019.134.12:41:29 136 47 46.1  0.001 22 48 26.3 -0.356 
2019.134.12:41:34 136 48 46.2  0.001 22 46 18.9 -0.357 
2019.134.12:41:39 136 49 46.3  0.001 22 44 11.5 -0.357 
2019.134.12:41:44 136 50 46.3  0.001 22 42  4.1 -0.357 
2019.134.12:41:49 136 51 46.3  0.001 22 39 56.7 -0.357 
2019.134.12:41:54 136 52 46.2  0.001 22 37 49.3 -0.357 
2019.134.12:42:00 136 53 46.1  0.001 22 35 41.9 -0.357 
2019.134.12:42:04 136 54 45.9  0.001 22 33 34.5 -0.357 
2019.134.12:42:09 136 55 45.7  0.001 22 31 27.1 -0.357 
2019.134.12:42:14 136 56 45.4  0.001 22 29 19.8 -0.358 
2019.134.12:42:20 136 57 45.1  0.001 22 27 12.4 -0.358 
2019.134.12:42:24 136 58 44.7  0.001 22 25  5.1 -0.358 
2019.134.12:42:29 136 59 44.3  0.001 22 22 57.7 -0.358 
2019.134.12:42:35 137  0 43.8  0.001 22 20 50.4 -0.358 
2019.134.12:42:39 137  1 43.3  0.001 22 18 43.1 -0.358 
2019.134.12:42:44 137  2 42.8  0.001 22 16 35.8 -0.358 
2019.134.12:42:49 137  3 42.2  0.001 22 14 28.4 -0.358 
2019.134.12:42:55 137  4 41.5  0.001 22 12 21.1 -0.358 
2019.134.12:42:59 137  5 40.9  0.001 22 10 13.9 -0.359 
2019.134.12:43:04 137  6 40.1  0.001 22  8  6.6 -0.359 
2019.134.12:43:09 137  7 39.3  0.001 22  5 59.3 -0.359 
2019.134.12:43:14 137  8 38.5  0.001 22  3 52.0 -0.359 
2019.134.12:43:19 137  9 37.6  0.001 22  1 44.8 -0.359 
2019.134.12:43:24 137 10 36.7  0.001 21 59 37.5 -0.359 
2019.134.12:43:30 137 11 35.7  0.001 21 57 30.3 -0.359 
2019.134.12:43:34 137 12 34.7  0.001 21 55 23.0 -0.359 
2019.134.12:43:39 137 13 33.6  0.001 21 53 15.8 -0.360 
2019.134.12:43:44 137 14 32.5  0.001 21 51  8.6 -0.360 
2019.134.12:43:49 137 15 31.3  0.001 21 49  1.4 -0.360 
2019.134.12:43:54 137 16 30.1  0.001 21 46 54.2 -0.360 
2019.134.12:43:59 137 17 28.8  0.001 21 44 47.0 -0.360 
2019.134.12:44:05 137 18 27.5  0.001 21 42 39.8 -0.360 
2019.134.12:44:09 137 19 26.2  0.001 21 40 32.6 -0.360 
2019.134.12:44:14 137 20 24.8  0.001 21 38 25.5 -0.360 
2019.134.12:44:19 137 21 23.3  0.001 21 36 18.3 -0.360 
2019.134.12:44:24 137 22 21.8  0.001 21 34 11.2 -0.361 
2019.134.12:44:29 137 23 20.3  0.001 21 32  4.0 -0.361 
2019.134.12:44:34 137 24 18.7  0.001 21 29 56.9 -0.361 
2019.134.12:44:40 137 25 17.1  0.001 21 27 49.8 -0.361 
2019.134.12:44:44 137 26 15.4  0.001 21 25 42.6 -0.361 
2019.134.12:44:49 137 27 13.6  0.001 21 23 35.5 -0.361 
2019.134.12:44:54 137 28 11.9  0.001 21 21 28.4 -0.361 
2019.134.12:45:00 137 29 10.0  0.001 21 19 21.3 -0.361 
2019.134.12:45:04 137 30  8.2  0.001 21 17 14.3 -0.361 
2019.134.12:45:09 137 31  6.3  0.001 21 15  7.2 -0.362 
2019.134.12:45:15 137 32  4.3  0.001 21 13  0.1 -0.362 
2019.134.12:45:19 137 33  2.3  0.001 21 10 53.1 -0.362 
2019.134.12:45:24 137 34  0.2  0.000 21  8 46.0 -0.362 
2019.134.12:45:29 137 34 58.1  0.000 21  6 39.0 -0.362 
2019.134.12:45:35 137 35 56.0  0.000 21  4 32.0 -0.362 
2019.134.12:45:39 137 36 53.8  0.000 21  2 24.9 -0.362 
2019.134.12:45:44 137 37 51.5  0.000 21  0 17.9 -0.362 
2019.134.12:45:49 137 38 49.2  0.000 20 58 10.9 -0.362 
2019.134.12:45:54 137 39 46.9  0.000 20 56  3.9 -0.363 
2019.134.12:45:59 137 40 44.5  0.000 20 53 56.9 -0.363 
2019.134.12:46:04 137 41 42.1  0.000 20 51 49.9 -0.363 
2019.134.12:46:10 137 42 39.6  0.000 20 49 43.0 -0.363 
2019.134.12:46:14 137 43 37.1  0.000 20 47 36.0 -0.363 
2019.134.12:46:19 137 44 34.5  0.000 20 45 29.1 -0.363 
2019.134.12:46:24 137 45 31.9  0.000 20 43 22.1 -0.363 
2019.134.12:46:29 137 46 29.2  0.000 20 41 15.2 -0.363 
2019.134.12:46:34 137 47 26.5  0.000 20 39  8.3 -0.363 
2019.134.12:46:39 137 48 23.7  0.000 20 37  1.3 -0.364 
2019.134.12:46:45 137 49 20.9  0.000 20 34 54.4 -0.364 
2019.134.12:46:49 137 50 18.1  0.000 20 32 47.5 -0.364 
2019.134.12:46:54 137 51 15.2  0.000 20 30 40.6 -0.364 
2019.134.12:46:59 137 52 12.2  0.000 20 28 33.7 -0.364 
2019.134.12:47:04 137 53  9.2  0.000 20 26 26.9 -0.364 
2019.134.12:47:09 137 54  6.2  0.000 20 24 20.0 -0.364 
2019.134.12:47:14 137 55  3.1  0.000 20 22 13.1 -0.364 
2019.134.12:47:20 137 55 60.0  0.000 20 20  6.3 -0.364 
2019.134.12:47:24 137 56 56.8  0.000 20 17 59.5 -0.365 
2019.134.12:47:29 137 57 53.6  0.000 20 15 52.6 -0.365 
2019.134.12:47:34 137 58 50.3  0.000 20 13 45.8 -0.365 
2019.134.12:47:39 137 59 47.0  0.000 20 11 39.0 -0.365 
2019.134.12:47:44 138  0 43.6  0.000 20  9 32.2 -0.365 
2019.134.12:47:49 138  1 40.2  0.000 20  7 25.4 -0.365 
2019.134.12:47:55 138  2 36.7  0.000 20  5 18.6 -0.365 
2019.134.12:47:59 138  3 33.2  0.000 20  3 11.8 -0.365 
2019.134.12:48:04 138  4 29.7  0.000 20  1  5.1 -0.365 
2019.134.12:48:09 138  5 26.1  0.000 19 58 58.3 -0.366 
2019.134.12:48:15 138  6 22.4  0.000 19 56 51.6 -0.366 
2019.134.12:48:19 138  7 18.8  0.000 19 54 44.8 -0.366 
2019.134.12:48:24 138  8 15.0  0.000 19 52 38.1 -0.366 
2019.134.12:48:29 138  9 11.2  0.000 19 50 31.4 -0.366 
2019.134.12:48:34 138 10  7.4  0.000 19 48 24.6 -0.366 
2019.134.12:48:39 138 11  3.5  0.000 19 46 17.9 -0.366 
2019.134.12:48:44 138 11 59.6  0.000 19 44 11.2 -0.366 
2019.134.12:48:50 138 12 55.6  0.000 19 42  4.6 -0.366 
2019.134.12:48:54 138 13 51.6  0.000 19 39 57.9 -0.367 
2019.134.12:48:59 138 14 47.6  0.000 19 37 51.2 -0.367 
2019.134.12:49:04 138 15 43.5  0.000 19 35 44.6 -0.367 
2019.134.12:49:09 138 16 39.3  0.000 19 33 37.9 -0.367 
2019.134.12:49:14 138 17 35.1  0.000 19 31 31.3 -0.367 
2019.134.12:49:19 138 18 30.9  0.000 19 29 24.6 -0.367 
2019.134.12:49:25 138 19 26.6  0.000 19 27 18.0 -0.367 
2019.134.12:49:29 138 20 22.2  0.000 19 25 11.4 -0.367 
2019.134.12:49:34 138 21 17.9  0.000 19 23  4.8 -0.367 
2019.134.12:49:39 138 22 13.4  0.000 19 20 58.2 -0.367 
2019.134.12:49:44 138 23  9.0  0.000 19 18 51.6 -0.368 
2019.134.12:49:49 138 24  4.4  0.000 19 16 45.0 -0.368 
2019.134.12:49:54 138 24 59.9  0.000 19 14 38.5 -0.368 
2019.134.12:50:00 138 25 55.2  0.000 19 12 31.9 -0.368 
2019.134.12:50:04 138 26 50.6  0.000 19 10 25.4 -0.368 
2019.134.12:50:09 138 27 45.9  0.000 19  8 18.8 -0.368 
2019.134.12:50:14 138 28 41.1  0.000 19  6 12.3 -0.368 
2019.134.12:50:19 138 29 36.3  0.000 19  4  5.8 -0.368 
2019.134.12:50:24 138 30 31.5  0.000 19  1 59.3 -0.368 
2019.134.12:50:29 138 31 26.6  0.000 18 59 52.8 -0.368 
2019.134.12:50:35 138 32 21.7  0.000 18 57 46.3 -0.369 
2019.134.12:50:39 138 33 16.7  0.000 18 55 39.8 -0.369 
2019.134.12:50:44 138 34 11.6  0.000 18 53 33.3 -0.369 
2019.134.12:50:49 138 35  6.6  0.000 18 51 26.8 -0.369 
2019.134.12:50:55 138 36  1.4  0.000 18 49 20.4 -0.369 
2019.134.12:50:59 138 36 56.3  0.000 18 47 13.9 -0.369 
2019.134.12:51:04 138 37 51.1  0.000 18 45  7.5 -0.369 
2019.134.12:51:09 138 38 45.8  0.000 18 43  1.1 -0.369 
2019.134.12:51:14 138 39 40.5  0.000 18 40 54.6 -0.369 
2019.134.12:51:19 138 40 35.2  0.000 18 38 48.2 -0.370 
2019.134.12:51:24 138 41 29.8  0.000 18 36 41.8 -0.370 
2019.134.12:51:30 138 42 24.3  0.000 18 34 35.5 -0.370 
2019.134.12:51:34 138 43 18.8  0.000 18 32 29.1 -0.370 
2019.134.12:51:39 138 44 13.3  0.000 18 30 22.7 -0.370 
2019.134.12:51:44 138 45  7.7  0.000 18 28 16.3 -0.370 
2019.134.12:51:49 138 46  2.1  0.000 18 26 10.0 -0.370 
2019.134.12:51:54 138 46 56.4  0.000 18 24  3.6 -0.370 
2019.134.12:51:59 138 47 50.7  0.000 18 21 57.3 -0.370 
2019.134.12:52:05 138 48 44.9  0.000 18 19 51.0 -0.370 
2019.134.12:52:09 138 49 39.1  0.000 18 17 44.7 -0.371 
2019.134.12:52:14 138 50 33.3  0.000 18 15 38.4 -0.371 
2019.134.12:52:19 138 51 27.4  0.000 18 13 32.1 -0.371 
2019.134.12:52:24 138 52 21.4  0.000 18 11 25.8 -0.371 
2019.134.12:52:29 138 53 15.4  0.000 18  9 19.6 -0.371 
2019.134.12:52:34 138 54  9.4  0.000 18  7 13.3 -0.371 
2019.134.12:52:40 138 55  3.3  0.000 18  5  7.0 -0.371 
2019.134.12:52:44 138 55 57.2  0.000 18  3  0.8 -0.371 
2019.134.12:52:49 138 56 51.0  0.000 18  0 54.6 -0.371 
2019.134.12:52:54 138 57 44.8  0.000 17 58 48.3 -0.371 
2019.134.12:52:59 138 58 38.5  0.000 17 56 42.1 -0.371 
2019.134.12:53:04 138 59 32.2  0.000 17 54 35.9 -0.372 
2019.134.12:53:09 139  0 25.8  0.000 17 52 29.7 -0.372 
2019.134.12:53:15 139  1 19.4  0.000 17 50 23.6 -0.372 
2019.134.12:53:19 139  2 13.0  0.000 17 48 17.4 -0.372 
2019.134.12:53:24 139  3  6.5  0.000 17 46 11.2 -0.372 
2019.134.12:53:29 139  3 59.9  0.000 17 44  5.1 -0.372 
2019.134.12:53:35 139  4 53.4  0.000 17 41 58.9 -0.372 
2019.134.12:53:39 139  5 46.7  0.000 17 39 52.8 -0.372 
2019.134.12:53:44 139  6 40.0  0.000 17 37 46.7 -0.372 
2019.134.12:53:50 139  7 33.3  0.000 17 35 40.5 -0.372 
2019.134.12:53:54 139  8 26.6  0.000 17 33 34.4 -0.373 
2019.134.12:53:59 139  9 19.7  0.000 17 31 28.3 -0.373 
2019.134.12:54:04 139 10 12.9  0.000 17 29 22.3 -0.373 
2019.134.12:54:10 139 11  6.0  0.000 17 27 16.2 -0.373 
2019.134.12:54:14 139 11 59.0  0.000 17 25 10.1 -0.373 
2019.134.12:54:19 139 12 52.0  0.000 17 23  4.1 -0.373 
2019.134.12:54:24 139 13 45.0  0.000 17 20 58.0 -0.373 
2019.134.12:54:29 139 14 37.9  0.000 17 18 52.0 -0.373 
2019.134.12:54:34 139 15 30.8  0.000 17 16 46.0 -0.373 
2019.134.12:54:39 139 16 23.6  0.000 17 14 40.0 -0.373 
2019.134.12:54:45 139 17 16.3  0.000 17 12 33.9 -0.374 
2019.134.12:54:49 139 18  9.1  0.000 17 10 28.0 -0.374 
2019.134.12:54:54 139 19  1.8  0.000 17  8 22.0 -0.374 
2019.134.12:54:59 139 19 54.4  0.000 17  6 16.0 -0.374 
2019.134.12:55:04 139 20 47.0  0.000 17  4 10.0 -0.374 
2019.134.12:55:09 139 21 39.5  0.000 17  2  4.1 -0.374 
2019.134.12:55:14 139 22 32.0  0.000 16 59 58.1 -0.374 
2019.134.12:55:20 139 23 24.5  0.000 16 57 52.2 -0.374 
2019.134.12:55:24 139 24 16.9  0.000 16 55 46.3 -0.374 
2019.134.12:55:29 139 25  9.3  0.000 16 53 40.4 -0.374 
2019.134.12:55:34 139 26  1.6  0.000 16 51 34.4 -0.374 
2019.134.12:55:39 139 26 53.9  0.000 16 49 28.6 -0.375 
2019.134.12:55:44 139 27 46.1  0.000 16 47 22.7 -0.375 
2019.134.12:55:49 139 28 38.3  0.000 16 45 16.8 -0.375 
2019.134.12:55:55 139 29 30.4  0.000 16 43 10.9 -0.375 
2019.134.12:55:59 139 30 22.5  0.000 16 41  5.1 -0.375 
2019.134.12:56:04 139 31 14.5  0.000 16 38 59.2 -0.375 
2019.134.12:56:09 139 32  6.5  0.000 16 36 53.4 -0.375 
2019.134.12:56:15 139 32 58.5  0.000 16 34 47.6 -0.375 
2019.134.12:56:19 139 33 50.4  0.000 16 32 41.8 -0.375 
2019.134.12:56:24 139 34 42.3  0.000 16 30 36.0 -0.375 
2019.134.12:56:30 139 35 34.1  0.000 16 28 30.2 -0.375 
2019.134.12:56:34 139 36 25.9  0.000 16 26 24.4 -0.376 
2019.134.12:56:39 139 37 17.6  0.000 16 24 18.6 -0.376 
2019.134.12:56:44 139 38  9.3  0.000 16 22 12.9 -0.376 
2019.134.12:56:50 139 39  0.9  0.000 16 20  7.1 -0.376 
2019.134.12:56:54 139 39 52.5  0.000 16 18  1.4 -0.376 
2019.134.12:56:59 139 40 44.0  0.000 16 15 55.6 -0.376 
2019.134.12:57:04 139 41 35.5  0.000 16 13 49.9 -0.376 
2019.134.12:57:09 139 42 27.0  0.000 16 11 44.2 -0.376 
2019.134.12:57:14 139 43 18.4  0.000 16  9 38.5 -0.376 
2019.134.12:57:19 139 44  9.8  0.000 16  7 32.8 -0.376 
2019.134.12:57:25 139 45  1.1  0.000 16  5 27.1 -0.376 
2019.134.12:57:29 139 45 52.4  0.000 16  3 21.5 -0.377 
2019.134.12:57:34 139 46 43.6  0.000 16  1 15.8 -0.377 
2019.134.12:57:39 139 47 34.8  0.000 15 59 10.2 -0.377 
2019.134.12:57:44 139 48 25.9  0.000 15 57  4.5 -0.377 
2019.134.12:57:49 139 49 17.0  0.000 15 54 58.9 -0.377 
2019.134.12:57:54 139 50  8.1  0.000 15 52 53.3 -0.377 
2019.134.12:58:00 139 50 59.1  0.000 15 50 47.7 -0.377 
2019.134.12:58:04 139 51 50.0  0.000 15 48 42.1 -0.377 
2019.134.12:58:09 139 52 40.9  0.000 15 46 36.5 -0.377 
2019.134.12:58:14 139 53 31.8  0.000 15 44 30.9 -0.377 
2019.134.12:58:19 139 54 22.6  0.000 15 42 25.3 -0.377 
2019.134.12:58:24 139 55 13.4  0.000 15 40 19.8 -0.377 
2019.134.12:58:29 139 56  4.1  0.000 15 38 14.2 -0.378 
2019.134.12:58:35 139 56 54.8  0.000 15 36  8.7 -0.378 
2019.134.12:58:39 139 57 45.5  0.000 15 34  3.2 -0.378 
2019.134.12:58:44 139 58 36.0  0.000 15 31 57.7 -0.378 
2019.134.12:58:49 139 59 26.6  0.000 15 29 52.2 -0.378 
2019.134.12:58:54 140  0 17.1  0.000 15 27 46.7 -0.378 
2019.134.12:58:59 140  1  7.6  0.000 15 25 41.2 -0.378 
2019.134.12:59:04 140  1 58.0  0.000 15 23 35.7 -0.378 
2019.134.12:59:10 140  2 48.3  0.000 15 21 30.3 -0.378 
2019.134.12:59:14 140  3 38.7  0.000 15 19 24.8 -0.378 
2019.134.12:59:19 140  4 28.9  0.000 15 17 19.4 -0.378 
2019.134.12:59:24 140  5 19.2  0.000 15 15 14.0 -0.379 
2019.134.12:59:30 140  6  9.4  0.000 15 13  8.5 -0.379 
2019.134.12:59:34 140  6 59.5  0.000 15 11  3.1 -0.379 
2019.134.12:59:39 140  7 49.6  0.000 15  8 57.7 -0.379 
2019.134.12:59:44 140  8 39.7  0.000 15  6 52.4 -0.379 
2019.134.12:59:49 140  9 29.7  0.000 15  4 47.0 -0.379 
2019.134.12:59:54 140 10 19.6  0.000 15  2 41.6 -0.379 
2019.134.12:59:59 140 11  9.5  0.000 15  0 36.3 -0.379 
2019.134.13:00:05 140 11  9.5  0.000 15  0 36.3 -0.379 
